{
 "cells": [
  {
   "cell_type": "markdown",
   "metadata": {},
   "source": [
    "# Finding Similar Items: Locality Sensitive Hashing\n",
    "\n",
    "Finding “similar” data items in a given dataset is a fundamental data-mining problem. \"Similarity\" is represented (computed, measured, or estimated) in the form of some similarity or distance measure, such as Jaccard distance/similarity, Euclidean distances, cosine distance, edit distance, and Hamming distance. In this lecture, we will consider the problem of estimating the similarity of textual documents: Given a body of documents, e.g., the Web, find pairs of textually similar documents with many texts in common, e.g., near duplicate pairs. We will study three essential techniques for finding similar documents: \n",
    "\n",
    "* Shingling to convert documents to sets of shingles;\n",
    "* Minhashing to convert large sets to short signatures while preserving similarity;\n",
    "* Locality-sensitive hashing to finding candidate pairs of signatures likely to be from similar documents."
   ]
  },
  {
   "cell_type": "code",
   "execution_count": 13,
   "metadata": {},
   "outputs": [],
   "source": [
    "import numpy as np\n",
    "import pandas as pd\n",
    "import time\n",
    "\n",
    "import re"
   ]
  },
  {
   "cell_type": "code",
   "execution_count": 14,
   "metadata": {},
   "outputs": [
    {
     "data": {
      "text/html": [
       "<div>\n",
       "<style scoped>\n",
       "    .dataframe tbody tr th:only-of-type {\n",
       "        vertical-align: middle;\n",
       "    }\n",
       "\n",
       "    .dataframe tbody tr th {\n",
       "        vertical-align: top;\n",
       "    }\n",
       "\n",
       "    .dataframe thead th {\n",
       "        text-align: right;\n",
       "    }\n",
       "</style>\n",
       "<table border=\"1\" class=\"dataframe\">\n",
       "  <thead>\n",
       "    <tr style=\"text-align: right;\">\n",
       "      <th></th>\n",
       "      <th>Unnamed: 0</th>\n",
       "      <th>id</th>\n",
       "      <th>title</th>\n",
       "      <th>publication</th>\n",
       "      <th>author</th>\n",
       "      <th>date</th>\n",
       "      <th>year</th>\n",
       "      <th>month</th>\n",
       "      <th>url</th>\n",
       "      <th>content</th>\n",
       "    </tr>\n",
       "  </thead>\n",
       "  <tbody>\n",
       "    <tr>\n",
       "      <th>0</th>\n",
       "      <td>0</td>\n",
       "      <td>17283</td>\n",
       "      <td>House Republicans Fret About Winning Their Hea...</td>\n",
       "      <td>New York Times</td>\n",
       "      <td>Carl Hulse</td>\n",
       "      <td>2016-12-31</td>\n",
       "      <td>2016.0</td>\n",
       "      <td>12.0</td>\n",
       "      <td>NaN</td>\n",
       "      <td>WASHINGTON  —   Congressional Republicans have...</td>\n",
       "    </tr>\n",
       "    <tr>\n",
       "      <th>1</th>\n",
       "      <td>1</td>\n",
       "      <td>17284</td>\n",
       "      <td>Rift Between Officers and Residents as Killing...</td>\n",
       "      <td>New York Times</td>\n",
       "      <td>Benjamin Mueller and Al Baker</td>\n",
       "      <td>2017-06-19</td>\n",
       "      <td>2017.0</td>\n",
       "      <td>6.0</td>\n",
       "      <td>NaN</td>\n",
       "      <td>After the bullet shells get counted, the blood...</td>\n",
       "    </tr>\n",
       "    <tr>\n",
       "      <th>2</th>\n",
       "      <td>2</td>\n",
       "      <td>17285</td>\n",
       "      <td>Tyrus Wong, ‘Bambi’ Artist Thwarted by Racial ...</td>\n",
       "      <td>New York Times</td>\n",
       "      <td>Margalit Fox</td>\n",
       "      <td>2017-01-06</td>\n",
       "      <td>2017.0</td>\n",
       "      <td>1.0</td>\n",
       "      <td>NaN</td>\n",
       "      <td>When Walt Disney’s “Bambi” opened in 1942, cri...</td>\n",
       "    </tr>\n",
       "    <tr>\n",
       "      <th>3</th>\n",
       "      <td>3</td>\n",
       "      <td>17286</td>\n",
       "      <td>Among Deaths in 2016, a Heavy Toll in Pop Musi...</td>\n",
       "      <td>New York Times</td>\n",
       "      <td>William McDonald</td>\n",
       "      <td>2017-04-10</td>\n",
       "      <td>2017.0</td>\n",
       "      <td>4.0</td>\n",
       "      <td>NaN</td>\n",
       "      <td>Death may be the great equalizer, but it isn’t...</td>\n",
       "    </tr>\n",
       "    <tr>\n",
       "      <th>4</th>\n",
       "      <td>4</td>\n",
       "      <td>17287</td>\n",
       "      <td>Kim Jong-un Says North Korea Is Preparing to T...</td>\n",
       "      <td>New York Times</td>\n",
       "      <td>Choe Sang-Hun</td>\n",
       "      <td>2017-01-02</td>\n",
       "      <td>2017.0</td>\n",
       "      <td>1.0</td>\n",
       "      <td>NaN</td>\n",
       "      <td>SEOUL, South Korea  —   North Korea’s leader, ...</td>\n",
       "    </tr>\n",
       "  </tbody>\n",
       "</table>\n",
       "</div>"
      ],
      "text/plain": [
       "   Unnamed: 0     id                                              title  \\\n",
       "0           0  17283  House Republicans Fret About Winning Their Hea...   \n",
       "1           1  17284  Rift Between Officers and Residents as Killing...   \n",
       "2           2  17285  Tyrus Wong, ‘Bambi’ Artist Thwarted by Racial ...   \n",
       "3           3  17286  Among Deaths in 2016, a Heavy Toll in Pop Musi...   \n",
       "4           4  17287  Kim Jong-un Says North Korea Is Preparing to T...   \n",
       "\n",
       "      publication                         author        date    year  month  \\\n",
       "0  New York Times                     Carl Hulse  2016-12-31  2016.0   12.0   \n",
       "1  New York Times  Benjamin Mueller and Al Baker  2017-06-19  2017.0    6.0   \n",
       "2  New York Times                   Margalit Fox  2017-01-06  2017.0    1.0   \n",
       "3  New York Times               William McDonald  2017-04-10  2017.0    4.0   \n",
       "4  New York Times                  Choe Sang-Hun  2017-01-02  2017.0    1.0   \n",
       "\n",
       "   url                                            content  \n",
       "0  NaN  WASHINGTON  —   Congressional Republicans have...  \n",
       "1  NaN  After the bullet shells get counted, the blood...  \n",
       "2  NaN  When Walt Disney’s “Bambi” opened in 1942, cri...  \n",
       "3  NaN  Death may be the great equalizer, but it isn’t...  \n",
       "4  NaN  SEOUL, South Korea  —   North Korea’s leader, ...  "
      ]
     },
     "execution_count": 14,
     "metadata": {},
     "output_type": "execute_result"
    }
   ],
   "source": [
    "num_docs = 30\n",
    "\n",
    "# Read the data from csv file\n",
    "df = pd.read_csv('articles1.csv')[:num_docs]\n",
    "df.head()"
   ]
  },
  {
   "cell_type": "code",
   "execution_count": 15,
   "metadata": {},
   "outputs": [],
   "source": [
    "# Shingling function to create shingles of size k\n",
    "def shingle_document(document, k, HASH = True):\n",
    "    \n",
    "    shingles = set()\n",
    "    for i in range(len(document) - k + 1):\n",
    "        shingles.add(document[i:i+k])\n",
    "\n",
    "    if HASH:\n",
    "        return set([hash(shingle) for shingle in shingles])\n",
    "    \n",
    "    return shingles\n",
    "\n",
    "# Create shingles of size 10\n",
    "df['shingles'] = df['content'].apply(lambda x: shingle_document(x, 3, HASH = False))\n",
    "df['hashed-shingles'] = df['content'].apply(lambda x: shingle_document(x, 3, HASH = True))\n"
   ]
  },
  {
   "cell_type": "code",
   "execution_count": 16,
   "metadata": {},
   "outputs": [
    {
     "name": "stdout",
     "output_type": "stream",
     "text": [
      "0.34420096205237843\n"
     ]
    }
   ],
   "source": [
    "# Jaccard similarity of hashed shingles\n",
    "def jaccard_similarity(shingles1, shingles2):\n",
    "    return len(shingles1.intersection(shingles2)) / len(shingles1.union(shingles2))\n",
    "\n",
    "print(jaccard_similarity(set(df['hashed-shingles'][0]), set(df['hashed-shingles'][1])))"
   ]
  },
  {
   "cell_type": "code",
   "execution_count": 17,
   "metadata": {},
   "outputs": [],
   "source": [
    "def func(a,b,x):\n",
    "    return (a * x - b) % (2 ** 32 - 1)\n",
    "\n",
    "# Minhashing function \n",
    "def minhashing(shingles, n):\n",
    "    minhashes = []\n",
    "    np.random.seed(0)\n",
    "    for i in range(n):\n",
    "        a = np.random.randint(1, 1e4)\n",
    "        b = np.random.randint(1, 1e4)\n",
    "        minhash = np.inf\n",
    "        for shingle in shingles:\n",
    "            minhash = min(minhash, func(a, b, shingle))\n",
    "            #minhash = min(minhash, hash((i, shingle)))\n",
    "        minhashes.append(minhash)\n",
    "    return minhashes\n",
    "\n",
    "# Create minhashes of size 100\n",
    "df['minhashes'] = df['hashed-shingles'].apply(lambda x: minhashing(x, 100))"
   ]
  },
  {
   "cell_type": "code",
   "execution_count": 18,
   "metadata": {},
   "outputs": [
    {
     "name": "stdout",
     "output_type": "stream",
     "text": [
      "0.38\n"
     ]
    }
   ],
   "source": [
    "# A function CompareSignatures estimates the similarity of two integer vectors – minhash signatures – as a fraction of components in which they agree.\n",
    "def CompareSignatures(signature1, signature2):\n",
    "    count = 0\n",
    "    for i in range(len(signature1)):\n",
    "        if signature1[i] == signature2[i]:\n",
    "            count += 1\n",
    "    return count / len(signature1)\n",
    "\n",
    "# Compare the minhashes of two documents\n",
    "print(CompareSignatures(df['minhashes'][0], df['minhashes'][1]))"
   ]
  },
  {
   "cell_type": "code",
   "execution_count": 19,
   "metadata": {},
   "outputs": [
    {
     "name": "stdout",
     "output_type": "stream",
     "text": [
      "Time taken to compute minhashing similarity matrix:  3.4149081707000732\n"
     ]
    }
   ],
   "source": [
    "#Similarity matrix\n",
    "JaccardSim = np.zeros((num_docs, num_docs))\n",
    "for (i) in range(num_docs):\n",
    "    for j in range(num_docs):\n",
    "        JaccardSim[i][j] = jaccard_similarity(set(df['hashed-shingles'][i]), set(df['hashed-shingles'][j]))\n",
    "\n",
    "\n",
    "# Apply minhashing to estimate jaccard similarity\n",
    "start_time = time.time()\n",
    "minhashing_JaccardSim = np.zeros((num_docs, num_docs))\n",
    "df['minhashes'] = df['hashed-shingles'].apply(lambda x: minhashing(x, 100))\n",
    "\n",
    "for row in range(num_docs):\n",
    "    for col in range(num_docs):\n",
    "        minhashing_JaccardSim[row][col] = CompareSignatures(df['minhashes'][row], df['minhashes'][col])\n",
    "\n",
    "comp_time = time.time() - start_time\n",
    "print(\"Time taken to compute minhashing similarity matrix: \", comp_time)"
   ]
  },
  {
   "cell_type": "code",
   "execution_count": 20,
   "metadata": {},
   "outputs": [],
   "source": [
    "# LSH function given a collection of minhash signatures (integer vectors) and a similarity threshold t (0 < t < 1), returns a list of candidate pairs of documents that are similar.\n",
    "def LSH(minhashes, b):\n",
    "    r = int(len(minhashes[0]) / b)\n",
    "    print(\"r = \", len(minhashes[0]))\n",
    "    t = np.power(1/b, 1/r)\n",
    "    num_docs = len(minhashes)\n",
    "    candidate_pairs = []\n",
    "    for i in range(b):\n",
    "        buckets = {}\n",
    "        for j in range(num_docs):\n",
    "            signature = minhashes[j]\n",
    "            bucket = hash(tuple(signature[i * r:(i + 1) * r]))\n",
    "            if bucket in buckets:\n",
    "                buckets[bucket].append(j)\n",
    "            else:\n",
    "                buckets[bucket] = [j]\n",
    "        for bucket in buckets:\n",
    "            if len(buckets[bucket]) > 1:\n",
    "                for doc1 in buckets[bucket]:\n",
    "                    for doc2 in buckets[bucket]:\n",
    "                        if doc1 < doc2:\n",
    "                            if CompareSignatures(minhashes[doc1], minhashes[doc2]) > t:\n",
    "                                candidate_pairs.append((doc1, doc2))\n",
    "    return candidate_pairs,t"
   ]
  },
  {
   "cell_type": "code",
   "execution_count": 21,
   "metadata": {},
   "outputs": [
    {
     "name": "stdout",
     "output_type": "stream",
     "text": [
      "r =  100\n",
      "Time taken to compute LSH:  0.0090179443359375\n",
      "Threshold:  0.4472135954999579\n",
      "Number of pairs with similarity greater than threshold:  71\n"
     ]
    }
   ],
   "source": [
    "# Apply LSH to estimate similarity\n",
    "start_time = time.time()\n",
    "candidate_pairs, threshold = LSH(df['minhashes'], 25)\n",
    "comp_time = time.time() - start_time\n",
    "print(\"Time taken to compute LSH: \", comp_time)\n",
    "\n",
    "# Pair with similarity greater than threshold\n",
    "print(\"Threshold: \", threshold)\n",
    "print(\"Number of pairs with similarity greater than threshold: \", len(set(candidate_pairs)))"
   ]
  },
  {
   "cell_type": "code",
   "execution_count": 22,
   "metadata": {},
   "outputs": [
    {
     "name": "stdout",
     "output_type": "stream",
     "text": [
      "Number of pairs with similarity greater than threshold:  18.0\n",
      "Number of pairs with similarity greater than threshold:  92.0\n"
     ]
    }
   ],
   "source": [
    "# Count the number of pairs with similarity greater than threshold\n",
    "count = 0\n",
    "count_minhash = 0\n",
    "for i in range(num_docs):\n",
    "    for j in range(num_docs):\n",
    "        if minhashing_JaccardSim[i][j] > threshold:\n",
    "            count_minhash += 1\n",
    "        if JaccardSim[i][j] > threshold:\n",
    "            count += 1\n",
    "\n",
    "print(\"Number of pairs with similarity greater than threshold: \", (count-num_docs)/2)\n",
    "print(\"Number of pairs with similarity greater than threshold: \", (count_minhash-num_docs)/2)"
   ]
  },
  {
   "cell_type": "code",
   "execution_count": 23,
   "metadata": {},
   "outputs": [
    {
     "data": {
      "text/plain": [
       "array([[1.        , 0.34420096, 0.36344411, 0.33444909, 0.37790422,\n",
       "        0.18502203, 0.38711195, 0.36795069, 0.3472177 , 0.34637802,\n",
       "        0.41345764, 0.39093095, 0.37860662, 0.33714547, 0.35519503,\n",
       "        0.36386585, 0.41161049, 0.39766302, 0.34258417, 0.28431373,\n",
       "        0.34410802, 0.36012297, 0.38147448, 0.33399867, 0.43662519,\n",
       "        0.43896104, 0.35483871, 0.40717075, 0.38004246, 0.37605804],\n",
       "       [0.34420096, 1.        , 0.46225984, 0.44242424, 0.29666757,\n",
       "        0.13131313, 0.29429107, 0.48647377, 0.4138093 , 0.35112285,\n",
       "        0.38289101, 0.43455117, 0.41725739, 0.29740681, 0.40785645,\n",
       "        0.43487076, 0.43703892, 0.42007624, 0.30567568, 0.21834914,\n",
       "        0.31793825, 0.32543276, 0.40742625, 0.42511493, 0.41497462,\n",
       "        0.36731477, 0.38620029, 0.43587224, 0.3589404 , 0.47760165],\n",
       "       [0.36344411, 0.46225984, 1.        , 0.43957845, 0.31881372,\n",
       "        0.14383339, 0.31986532, 0.46182918, 0.4304653 , 0.35805022,\n",
       "        0.3912794 , 0.42009971, 0.4086423 , 0.31714813, 0.39735799,\n",
       "        0.41891892, 0.43351955, 0.41885842, 0.31845966, 0.22208122,\n",
       "        0.31858156, 0.34175692, 0.40768799, 0.41805226, 0.41919192,\n",
       "        0.3744868 , 0.4005848 , 0.44363144, 0.37169194, 0.46483408],\n",
       "       [0.33444909, 0.44242424, 0.43957845, 1.        , 0.28977273,\n",
       "        0.14173703, 0.30309923, 0.43434105, 0.41623743, 0.32969134,\n",
       "        0.37071734, 0.40009855, 0.40237434, 0.29681275, 0.3841175 ,\n",
       "        0.39228792, 0.41033673, 0.39114583, 0.2915493 , 0.21371799,\n",
       "        0.32694902, 0.31672697, 0.38248366, 0.411     , 0.38920751,\n",
       "        0.35724062, 0.37982565, 0.41613964, 0.34323432, 0.43194444],\n",
       "       [0.37790422, 0.29666757, 0.31881372, 0.28977273, 1.        ,\n",
       "        0.2098922 , 0.37170385, 0.32669197, 0.31355361, 0.31892369,\n",
       "        0.36893204, 0.34547383, 0.32635379, 0.33151093, 0.31265597,\n",
       "        0.33711262, 0.35420668, 0.36754836, 0.33349754, 0.27195467,\n",
       "        0.30683283, 0.32759423, 0.34835904, 0.302213  , 0.34646898,\n",
       "        0.36042403, 0.33212077, 0.34393064, 0.3583371 , 0.32594645],\n",
       "       [0.18502203, 0.13131313, 0.14383339, 0.14173703, 0.2098922 ,\n",
       "        1.        , 0.19327217, 0.1454727 , 0.1555719 , 0.18306878,\n",
       "        0.17627599, 0.15175538, 0.16195782, 0.18974042, 0.14823529,\n",
       "        0.17468354, 0.17117498, 0.16961588, 0.1814882 , 0.20436187,\n",
       "        0.18130165, 0.18654607, 0.17210944, 0.15049656, 0.16753247,\n",
       "        0.18371501, 0.16693419, 0.15768931, 0.19279661, 0.14350064],\n",
       "       [0.38711195, 0.29429107, 0.31986532, 0.30309923, 0.37170385,\n",
       "        0.19327217, 1.        , 0.32230889, 0.31607083, 0.31754996,\n",
       "        0.36916667, 0.34310646, 0.34333213, 0.3030158 , 0.32232872,\n",
       "        0.33569564, 0.35665399, 0.36353033, 0.34080936, 0.2861158 ,\n",
       "        0.33160622, 0.33210672, 0.35093897, 0.31118761, 0.37504919,\n",
       "        0.38369517, 0.34190511, 0.3468146 , 0.37590253, 0.33712354],\n",
       "       [0.36795069, 0.48647377, 0.46182918, 0.43434105, 0.32669197,\n",
       "        0.1454727 , 0.32230889, 1.        , 0.41786367, 0.37644553,\n",
       "        0.41973841, 0.45251701, 0.41417708, 0.33799238, 0.42175573,\n",
       "        0.42965887, 0.46227233, 0.44338533, 0.32252027, 0.24276316,\n",
       "        0.33313903, 0.34416181, 0.42737511, 0.43138844, 0.42726231,\n",
       "        0.40170161, 0.39425658, 0.4475062 , 0.3767061 , 0.49233521],\n",
       "       [0.3472177 , 0.4138093 , 0.4304653 , 0.41623743, 0.31355361,\n",
       "        0.1555719 , 0.31607083, 0.41786367, 1.        , 0.36126329,\n",
       "        0.38606811, 0.39468586, 0.39948674, 0.30957162, 0.38595997,\n",
       "        0.40601061, 0.40715553, 0.38911886, 0.30973745, 0.22802683,\n",
       "        0.32599256, 0.33912189, 0.38544153, 0.43184422, 0.39809012,\n",
       "        0.36692015, 0.37876654, 0.40818647, 0.35290364, 0.4232152 ],\n",
       "       [0.34637802, 0.35112285, 0.35805022, 0.32969134, 0.31892369,\n",
       "        0.18306878, 0.31754996, 0.37644553, 0.36126329, 1.        ,\n",
       "        0.37082534, 0.36267722, 0.35111411, 0.33407276, 0.35290148,\n",
       "        0.37923653, 0.38348294, 0.37441102, 0.32997371, 0.27692308,\n",
       "        0.31242696, 0.35016978, 0.35189873, 0.36785834, 0.35984167,\n",
       "        0.35776892, 0.33534137, 0.37968643, 0.34543987, 0.36152717],\n",
       "       [0.41345764, 0.38289101, 0.3912794 , 0.37071734, 0.36893204,\n",
       "        0.17627599, 0.36916667, 0.41973841, 0.38606811, 0.37082534,\n",
       "        1.        , 0.43520942, 0.40243902, 0.35833333, 0.38274408,\n",
       "        0.39816701, 0.41732827, 0.44309668, 0.34204082, 0.27011236,\n",
       "        0.35808024, 0.36432261, 0.39838823, 0.3901503 , 0.46564885,\n",
       "        0.43850688, 0.38932547, 0.4270073 , 0.38547702, 0.41669081],\n",
       "       [0.39093095, 0.43455117, 0.42009971, 0.40009855, 0.34547383,\n",
       "        0.15175538, 0.34310646, 0.45251701, 0.39468586, 0.36267722,\n",
       "        0.43520942, 1.        , 0.42262256, 0.3293913 , 0.40180128,\n",
       "        0.41591047, 0.43807763, 0.44692211, 0.32896099, 0.25435024,\n",
       "        0.32909784, 0.34138973, 0.41617418, 0.40217081, 0.45012626,\n",
       "        0.4194958 , 0.39437028, 0.44431244, 0.37066402, 0.46257043],\n",
       "       [0.37860662, 0.41725739, 0.4086423 , 0.40237434, 0.32635379,\n",
       "        0.16195782, 0.34333213, 0.41417708, 0.39948674, 0.35111411,\n",
       "        0.40243902, 0.42262256, 1.        , 0.31915654, 0.39122703,\n",
       "        0.40692641, 0.42538486, 0.4110971 , 0.33680805, 0.24550669,\n",
       "        0.33630069, 0.34201389, 0.39981007, 0.40488092, 0.42724656,\n",
       "        0.40570251, 0.37957497, 0.41761534, 0.37791495, 0.43706105],\n",
       "       [0.33714547, 0.29740681, 0.31714813, 0.29681275, 0.33151093,\n",
       "        0.18974042, 0.3030158 , 0.33799238, 0.30957162, 0.33407276,\n",
       "        0.35833333, 0.3293913 , 0.31915654, 1.        , 0.34606987,\n",
       "        0.35068389, 0.3519084 , 0.35394788, 0.31785196, 0.27724449,\n",
       "        0.30349531, 0.33116883, 0.32932506, 0.32923401, 0.35099338,\n",
       "        0.35358392, 0.30925267, 0.32800284, 0.33465784, 0.30941568],\n",
       "       [0.35519503, 0.40785645, 0.39735799, 0.3841175 , 0.31265597,\n",
       "        0.14823529, 0.32232872, 0.42175573, 0.38595997, 0.35290148,\n",
       "        0.38274408, 0.40180128, 0.39122703, 0.34606987, 1.        ,\n",
       "        0.39175573, 0.40625   , 0.41317365, 0.32586268, 0.25384025,\n",
       "        0.331039  , 0.33001374, 0.39176877, 0.40558003, 0.40288673,\n",
       "        0.37491616, 0.36342458, 0.3965822 , 0.36243655, 0.39512962],\n",
       "       [0.36386585, 0.43487076, 0.41891892, 0.39228792, 0.33711262,\n",
       "        0.17468354, 0.33569564, 0.42965887, 0.40601061, 0.37923653,\n",
       "        0.39816701, 0.41591047, 0.40692641, 0.35068389, 0.39175573,\n",
       "        1.        , 0.41967742, 0.42155257, 0.34245036, 0.2728385 ,\n",
       "        0.34604811, 0.36643459, 0.40894149, 0.41610738, 0.41868852,\n",
       "        0.4053286 , 0.39287907, 0.41764343, 0.38395722, 0.43125345],\n",
       "       [0.41161049, 0.43703892, 0.43351955, 0.41033673, 0.35420668,\n",
       "        0.17117498, 0.35665399, 0.46227233, 0.40715553, 0.38348294,\n",
       "        0.41732827, 0.43807763, 0.42538486, 0.3519084 , 0.40625   ,\n",
       "        0.41967742, 1.        , 0.43849734, 0.34971645, 0.27324867,\n",
       "        0.35273735, 0.37527757, 0.43197051, 0.40656335, 0.45644835,\n",
       "        0.42141312, 0.40397146, 0.46421725, 0.41877521, 0.44522079],\n",
       "       [0.39766302, 0.42007624, 0.41885842, 0.39114583, 0.36754836,\n",
       "        0.16961588, 0.36353033, 0.44338533, 0.38911886, 0.37441102,\n",
       "        0.44309668, 0.44692211, 0.4110971 , 0.35394788, 0.41317365,\n",
       "        0.42155257, 0.43849734, 1.        , 0.35849787, 0.27276525,\n",
       "        0.33344899, 0.36431504, 0.41961577, 0.4029484 , 0.44856948,\n",
       "        0.43036109, 0.41042654, 0.44104525, 0.39385066, 0.45005675],\n",
       "       [0.34258417, 0.30567568, 0.31845966, 0.2915493 , 0.33349754,\n",
       "        0.1814882 , 0.34080936, 0.32252027, 0.30973745, 0.32997371,\n",
       "        0.34204082, 0.32896099, 0.33680805, 0.31785196, 0.32586268,\n",
       "        0.34245036, 0.34971645, 0.35849787, 1.        , 0.28076063,\n",
       "        0.29121339, 0.32328767, 0.37485078, 0.31323225, 0.35503876,\n",
       "        0.35810517, 0.32962697, 0.35382956, 0.38304624, 0.33856089],\n",
       "       [0.28431373, 0.21834914, 0.22208122, 0.21371799, 0.27195467,\n",
       "        0.20436187, 0.2861158 , 0.24276316, 0.22802683, 0.27692308,\n",
       "        0.27011236, 0.25435024, 0.24550669, 0.27724449, 0.25384025,\n",
       "        0.2728385 , 0.27324867, 0.27276525, 0.28076063, 1.        ,\n",
       "        0.24952381, 0.27405858, 0.26553911, 0.24313289, 0.26892514,\n",
       "        0.2693041 , 0.24759708, 0.24829932, 0.27474151, 0.23445431],\n",
       "       [0.34410802, 0.31793825, 0.31858156, 0.32694902, 0.30683283,\n",
       "        0.18130165, 0.33160622, 0.33313903, 0.32599256, 0.31242696,\n",
       "        0.35808024, 0.32909784, 0.33630069, 0.30349531, 0.331039  ,\n",
       "        0.34604811, 0.35273735, 0.33344899, 0.29121339, 0.24952381,\n",
       "        1.        , 0.31703341, 0.33134223, 0.33236901, 0.35335689,\n",
       "        0.34382284, 0.32448378, 0.33692107, 0.33058176, 0.32701019],\n",
       "       [0.36012297, 0.32543276, 0.34175692, 0.31672697, 0.32759423,\n",
       "        0.18654607, 0.33210672, 0.34416181, 0.33912189, 0.35016978,\n",
       "        0.36432261, 0.34138973, 0.34201389, 0.33116883, 0.33001374,\n",
       "        0.36643459, 0.37527757, 0.36431504, 0.32328767, 0.27405858,\n",
       "        0.31703341, 1.        , 0.36608498, 0.35143443, 0.3686584 ,\n",
       "        0.35165289, 0.3254214 , 0.3584578 , 0.36740804, 0.34298507],\n",
       "       [0.38147448, 0.40742625, 0.40768799, 0.38248366, 0.34835904,\n",
       "        0.17210944, 0.35093897, 0.42737511, 0.38544153, 0.35189873,\n",
       "        0.39838823, 0.41617418, 0.39981007, 0.32932506, 0.39176877,\n",
       "        0.40894149, 0.43197051, 0.41961577, 0.37485078, 0.26553911,\n",
       "        0.33134223, 0.36608498, 1.        , 0.39795602, 0.40528782,\n",
       "        0.39657059, 0.38679245, 0.41796255, 0.40494012, 0.42865216],\n",
       "       [0.33399867, 0.42511493, 0.41805226, 0.411     , 0.302213  ,\n",
       "        0.15049656, 0.31118761, 0.43138844, 0.43184422, 0.36785834,\n",
       "        0.3901503 , 0.40217081, 0.40488092, 0.32923401, 0.40558003,\n",
       "        0.41610738, 0.40656335, 0.4029484 , 0.31323225, 0.24313289,\n",
       "        0.33236901, 0.35143443, 0.39795602, 1.        , 0.397668  ,\n",
       "        0.37631579, 0.36954023, 0.40559441, 0.36363636, 0.42047244],\n",
       "       [0.43662519, 0.41497462, 0.41919192, 0.38920751, 0.34646898,\n",
       "        0.16753247, 0.37504919, 0.42726231, 0.39809012, 0.35984167,\n",
       "        0.46564885, 0.45012626, 0.42724656, 0.35099338, 0.40288673,\n",
       "        0.41868852, 0.45644835, 0.44856948, 0.35503876, 0.26892514,\n",
       "        0.35335689, 0.3686584 , 0.40528782, 0.397668  , 1.        ,\n",
       "        0.47502859, 0.41301587, 0.43873644, 0.41025641, 0.44105174],\n",
       "       [0.43896104, 0.36731477, 0.3744868 , 0.35724062, 0.36042403,\n",
       "        0.18371501, 0.38369517, 0.40170161, 0.36692015, 0.35776892,\n",
       "        0.43850688, 0.4194958 , 0.40570251, 0.35358392, 0.37491616,\n",
       "        0.4053286 , 0.42141312, 0.43036109, 0.35810517, 0.2693041 ,\n",
       "        0.34382284, 0.35165289, 0.39657059, 0.37631579, 0.47502859,\n",
       "        1.        , 0.38071066, 0.42542198, 0.38679627, 0.41370027],\n",
       "       [0.35483871, 0.38620029, 0.4005848 , 0.37982565, 0.33212077,\n",
       "        0.16693419, 0.34190511, 0.39425658, 0.37876654, 0.33534137,\n",
       "        0.38932547, 0.39437028, 0.37957497, 0.30925267, 0.36342458,\n",
       "        0.39287907, 0.40397146, 0.41042654, 0.32962697, 0.24759708,\n",
       "        0.32448378, 0.3254214 , 0.38679245, 0.36954023, 0.41301587,\n",
       "        0.38071066, 1.        , 0.40434395, 0.3895248 , 0.41697811],\n",
       "       [0.40717075, 0.43587224, 0.44363144, 0.41613964, 0.34393064,\n",
       "        0.15768931, 0.3468146 , 0.4475062 , 0.40818647, 0.37968643,\n",
       "        0.4270073 , 0.44431244, 0.41761534, 0.32800284, 0.3965822 ,\n",
       "        0.41764343, 0.46421725, 0.44104525, 0.35382956, 0.24829932,\n",
       "        0.33692107, 0.3584578 , 0.41796255, 0.40559441, 0.43873644,\n",
       "        0.42542198, 0.40434395, 1.        , 0.40234645, 0.47539181],\n",
       "       [0.38004246, 0.3589404 , 0.37169194, 0.34323432, 0.3583371 ,\n",
       "        0.19279661, 0.37590253, 0.3767061 , 0.35290364, 0.34543987,\n",
       "        0.38547702, 0.37066402, 0.37791495, 0.33465784, 0.36243655,\n",
       "        0.38395722, 0.41877521, 0.39385066, 0.38304624, 0.27474151,\n",
       "        0.33058176, 0.36740804, 0.40494012, 0.36363636, 0.41025641,\n",
       "        0.38679627, 0.3895248 , 0.40234645, 1.        , 0.38205585],\n",
       "       [0.37605804, 0.47760165, 0.46483408, 0.43194444, 0.32594645,\n",
       "        0.14350064, 0.33712354, 0.49233521, 0.4232152 , 0.36152717,\n",
       "        0.41669081, 0.46257043, 0.43706105, 0.30941568, 0.39512962,\n",
       "        0.43125345, 0.44522079, 0.45005675, 0.33856089, 0.23445431,\n",
       "        0.32701019, 0.34298507, 0.42865216, 0.42047244, 0.44105174,\n",
       "        0.41370027, 0.41697811, 0.47539181, 0.38205585, 1.        ]])"
      ]
     },
     "execution_count": 23,
     "metadata": {},
     "output_type": "execute_result"
    }
   ],
   "source": [
    "JaccardSim"
   ]
  },
  {
   "cell_type": "code",
   "execution_count": null,
   "metadata": {},
   "outputs": [],
   "source": []
  },
  {
   "cell_type": "code",
   "execution_count": null,
   "metadata": {},
   "outputs": [],
   "source": []
  }
 ],
 "metadata": {
  "kernelspec": {
   "display_name": "Python 3.8.6 64-bit",
   "language": "python",
   "name": "python3"
  },
  "language_info": {
   "codemirror_mode": {
    "name": "ipython",
    "version": 3
   },
   "file_extension": ".py",
   "mimetype": "text/x-python",
   "name": "python",
   "nbconvert_exporter": "python",
   "pygments_lexer": "ipython3",
   "version": "3.8.6"
  },
  "orig_nbformat": 4,
  "vscode": {
   "interpreter": {
    "hash": "3a4fd3c0dcbc658b189fbf5814096262f6268a6dc22fca0ed725de03044a0d6b"
   }
  }
 },
 "nbformat": 4,
 "nbformat_minor": 2
}
